# Soal 1
before <- c(78, 75, 67, 77, 70, 72, 78, 74, 77)
after <- c(100, 95, 70, 90, 90, 90, 89, 90, 100)

difference <- after - before

# Soal 2
# Soal 3
# Soal 4
# Soal 5
